a=1/A(20,0.001)
b=B(20.0.001)
exp(-0.001)